1 2
3 4
5 6
9 10
11 12
13 14
15 16
21 22
25 26 27
28 29 30
31 32
34 35
36 38
37 42
43 44
47 61
51 52
53 54
55 56 57
60 62 63
64 68
65 66 67
70 71
73 74
75 76 77
79 80
87 88
89 90
91 92
93 94
95 96
97 98
99 100
101 102 103
104 105
108 109
112 113
114 115
116 117
118 119
120 121 122 123
126 127
129 130
131 132 133 134
135 136
137 138
139 140
141 142
143 144
145 146
151 152
154 155
159 160 264 170 171 285
161 162
163 164 165
167 168 169
172 173
174 175 204
177 178 179
181 182 183
184 185
186 187
192 193
194 195
196 197 198
199 200
201 202
205 206
207 208
209 210
211 212
213 214
215 216
217 218
221 222
223 224
225 226
233 234
235 236
238 239
240 241
242 243
245 246
247 248
249 250 251 252
254 255
256 258 259
265 266 267
269 270
271 272
275 276
277 278
281 282
287 308 309 310 387
291 293 294
296 297
298 299
302 303
304 305
311 312
313 314 315 316
317 319 320 321
322 323
325 326 327
328 329
330 331
333 334
335 336
337 338 339
340 341
342 343
344 345 346
347 348
349 350
352 353
357 358
359 360 361
363 364
365 366 367
368 369
371 372 373 388 625 626 629
374 376
377 378
379 380
383 384
385 386
389 390
391 392
393 394 395
396 397
399 400
401 425
403 404
405 406
407 408 409 410
411 412
417 418
419 420 421 422
423 424
427 428 429
430 431 432
433 434 435
436 437 438
439 440
441 442
443 454 455
444 445
448 449
451 452
456 457
459 460 479 480
461 462 463
464 465
467 468
469 470
471 472
475 476
477 478
481 482
483 484
488 489 490
492 493 494
496 497
498 499
500 501
504 523 524
505 506
507 508 509
510 513 518
511 512
515 516
521 522
525 527
526 528
529 530
531 532
535 536
537 538 539
540 541
543 544
547 548
549 550
551 552 553
554 555
560 561
562 563 564 565
566 567 568 569
570 571
572 573
574 575
576 577
579 580
581 582
583 584
585 587
589 591
592 593
594 595 599
596 597
604 605
606 607
608 609
610 616
612 613 614
617 618 619
620 621
627 628